major minor  #blocks  name

   7        0       1254 loop0
   7        1      69710 loop1
   7        2      66591 loop2
   7        3       8348 loop3
   7        4      24980 loop4
   7        5      23940 loop5
   7        6      10427 loop6
   7        7      28098 loop7
 179        0    3794048 mmcblk0
 179        1          1 mmcblk0p1
 179        2       5120 mmcblk0p2
 179        3     811008 mmcblk0p3
 179        4     524288 mmcblk0p4
 179        5     524288 mmcblk0p5
 179        6    1897696 mmcblk0p6
 179       64       2048 mmcblk0boot1
 179       32       2048 mmcblk0boot0
 179       96   30318592 mmcblk1
 179       97   30314496 mmcblk1p1
   7        8      36414 loop8
   7        9       8348 loop9
   7       10      15624 loop10
   7       11      33296 loop11
   7       12      22901 loop12
   7       13      49928 loop13
   7       14      27059 loop14
   7       15       2111 loop15
   7       16      33296 loop16
   7       17       4190 loop17
 254        0      69709 dm-0
 254        1      66591 dm-1
 254        2       8347 dm-2
 254        3      24979 dm-3
 254        4      23940 dm-4
 254        5      10426 dm-5
 254        6      28098 dm-6
 254        7      36414 dm-7
 254        8       8347 dm-8
 254        9      15624 dm-9
 254       10      33295 dm-10
 254       11      22900 dm-11
 254       12      49927 dm-12
 254       13      27058 dm-13
 254       14       2110 dm-14
 254       15      33295 dm-15
 254       16       4189 dm-16
